filename	nwords	av_freq	mattr
file00913.txt	540	6.4630066585163295	0.5978004073319761
file00907.txt	1150	6.901560673334553	0.7038328792007268
file00091.txt	512	6.393751295104267	0.6163714902807788
file00085.txt	691	6.9627300447642995	0.6154828660436155
file00708.txt	993	7.028782961890762	0.672224576271189
file00052.txt	897	7.025707398112538	0.6818632075471727
file00734.txt	440	6.716539275064638	0.6835805626598463
file00720.txt	501	6.615718805834292	0.6977876106194696
file00046.txt	1222	7.212384726233147	0.6338789428815003
file00293.txt	939	7.053271848573424	0.6376404494382041
file01199.txt	775	6.548004406722451	0.6307988980716265
file00287.txt	1666	7.083569496375999	0.7622510822510795
file01172.txt	681	6.8964104356242	0.6496835443037985
file00278.txt	1108	6.9500950965732144	0.6972993389990587
file01166.txt	751	7.014522422590886	0.6419088319088342
file00536.txt	1069	6.74900311325488	0.5663529411764713
file00250.txt	1168	7.009058163720002	0.7301161751563918
file00244.txt	1332	7.047913425209304	0.6938113795791138
file00522.txt	1024	6.9924454663905315	0.640779487179488
file00481.txt	552	6.651738266303106	0.6708548707753476
file00495.txt	1279	6.73576395845779	0.6312845528455294
file01006.txt	938	6.978349657954423	0.64161979752531
file00318.txt	1337	7.177801311437368	0.7023447204968938
file01012.txt	560	6.908535970204137	0.6605088062622317
file00442.txt	1037	6.969765828045928	0.7285627530364371
file00324.txt	877	7.0960196602708825	0.7000483091787437
file00330.txt	1137	6.8385178229867885	0.7233272058823532
file00456.txt	697	6.946826630396238	0.633086419753088
file00867.txt	672	6.65583358178963	0.68478330658106
file00873.txt	1109	7.157519015126776	0.693207547169812
file00683.txt	692	6.754266038381657	0.7081493001555218
file00697.txt	1569	6.841124344536492	0.6980789473684201
file01204.txt	1386	6.980226387632695	0.7516828721017181
file00668.txt	920	6.850687364050976	0.6813777267508629
file01210.txt	910	7.2056392800861495	0.6741231126596965
file00126.txt	1132	6.713134008556607	0.7334810710988017
file01238.txt	1561	7.172804116820824	0.7046560846560868
file00898.txt	739	6.79968793873233	0.6564637681159444
file00640.txt	1375	7.079772038101811	0.6709954751131195
file00654.txt	1328	6.977417128264547	0.7004847537138362
file00132.txt	1119	7.145851773530498	0.6681308411214942
file00655.txt	830	7.3038412699008095	0.6307298335467373
file00133.txt	851	6.849395341928624	0.7276558603491262
file01239.txt	1788	6.937954696287545	0.7480966072455418
file00127.txt	1291	7.075705246412416	0.6946215780998406
file00641.txt	1402	7.30219271283014	0.7064597191426474
file00899.txt	877	6.832880467815404	0.6726570048309191
file00669.txt	634	6.914712218922827	0.7463247863247877
file01211.txt	1118	7.205295654798281	0.6997942001870885
file01205.txt	1388	7.05963128306483	0.6977296489917855
file00696.txt	607	6.883299856067514	0.7375268817204313
file00682.txt	1037	6.957471589226107	0.6437449392712551
file00872.txt	856	7.105606019959062	0.6414869888475847
file00866.txt	986	6.711753459822858	0.7402774813233721
file00331.txt	537	7.102936663014183	0.6801639344262317
file00457.txt	657	7.068820338345703	0.6238486842105276
file00443.txt	912	7.059685062302784	0.6706141367323312
file00325.txt	1582	7.418280459843666	0.6732420091324214
file01013.txt	1042	6.617519303568054	0.636153071500503
file00319.txt	1396	7.044451736368197	0.7379955456570166
file01007.txt	787	7.083473022059118	0.6374525745257468
file00494.txt	599	6.3684732064784395	0.6196727272727286
file00480.txt	549	6.9732458998830396	0.6579999999999998
file00245.txt	1018	7.024375583767356	0.6776470588235313
file00523.txt	739	6.77979242947798	0.6815652173913058
file00537.txt	480	6.796751034340292	0.6111368909512761
file00251.txt	159	5.5366967107296885	0.8103636363636365
file01167.txt	904	6.99812216159043	0.5975204678362588
file00279.txt	1018	6.757355697313057	0.7284829721362216
file01173.txt	1482	6.966759442681064	0.6606978367062105
file00286.txt	1067	7.034599452984283	0.696385068762278
file01198.txt	410	6.783414433174113	0.7002770083102491
file00292.txt	714	7.074787740434427	0.5785263157894737
file00721.txt	377	6.860183476610641	0.6653658536585367
file00047.txt	1131	7.166920496027767	0.6729944547134956
file00053.txt	636	7.230792333711131	0.6142078364565594
file00735.txt	629	6.736356544933171	0.6602413793103454
file00709.txt	749	6.735719359928944	0.6824285714285709
file00084.txt	820	6.920862891197753	0.6638391699092098
file00090.txt	732	6.673477208289775	0.6879355783308956
file00906.txt	1491	7.071180691116503	0.677115117891817
file00912.txt	642	6.941620062849572	0.5991231028667809
file00904.txt	1018	6.853755384308164	0.7115789473684213
file00910.txt	926	6.918722514444457	0.5930444697833532
file00086.txt	218	5.566386113104462	0.7123076923076926
file00938.txt	460	7.165151549644987	0.5859854014598543
file00092.txt	751	7.187760126323792	0.67905982905983
file00079.txt	1117	7.369423366619429	0.5942883895131075
file00045.txt	1009	7.044036260285957	0.6890208333333323
file00723.txt	873	6.705510122661298	0.6390048543689342
file00737.txt	473	6.628189155229476	0.6267924528301885
file00051.txt	1456	7.214638703835392	0.660653873489695
file00284.txt	1057	6.863694183716405	0.7266666666666661
file00290.txt	929	7.1671251791640005	0.704545454545455
file01165.txt	652	7.050526759301227	0.5886235489220571
file01171.txt	578	6.897969824324892	0.609981096408318
file00509.txt	1154	7.107198075473846	0.6570497737556557
file00521.txt	1054	7.030870253770933	0.7228656716417925
file00247.txt	980	7.117493643220347	0.6623630504833544
file01159.txt	821	6.889278011687339	0.7004663212435255
file00253.txt	1054	7.109575504130823	0.7443184079602001
file00535.txt	879	6.893169301669009	0.5417349397590366
file00496.txt	895	6.933634298610843	0.7163593380614659
file00482.txt	843	7.141259161695701	0.7456423173803526
file00469.txt	934	7.201506920291783	0.729355932203391
file01011.txt	402	6.717157176696914	0.7262889518413596
file01005.txt	941	6.608870708292894	0.6097757847533634
file00455.txt	1206	6.979879338843921	0.5982886776145195
file00333.txt	695	6.801342871229766	0.7026315789473703
file01039.txt	1020	7.083125211427198	0.6024716786817713
file00327.txt	800	6.982155250719629	0.7263382157123824
file00441.txt	1045	7.20814529395156	0.6859036144578315
file00870.txt	808	6.8931023113387235	0.6944137022397908
file00864.txt	762	6.9239061635885095	0.6745301542777007
file00694.txt	1171	7.099027656437399	0.7011942959001775
file00680.txt	656	6.997823808355141	0.5716968698517302
file00858.txt	789	6.847699963752736	0.6720000000000012
file01213.txt	1643	7.015175453894152	0.7219071518193255
file00119.txt	797	7.014039208721835	0.621711229946525
file01207.txt	1471	7.110354799893579	0.6755555555555548
file00131.txt	905	7.13310974997567	0.6593224299065447
file00657.txt	1201	7.081094257699586	0.7273437499999997
file00643.txt	1005	7.051689751006874	0.6450836820083706
file00125.txt	941	6.9605549495102235	0.6969282511210755
file00642.txt	903	6.967920522310193	0.6548477751756461
file00124.txt	806	6.951633745311708	0.6884280052840174
file00130.txt	1284	6.9683136560293	0.6405991902834011
file00656.txt	1131	6.930571533558828	0.6726247689463962
file01206.txt	1214	6.981619674988855	0.7292532188841208
file00118.txt	1032	7.2807636423060815	0.6632960325534063
file01212.txt	906	7.096488220540936	0.7043873978996489
file00859.txt	356	6.5881213930664195	0.6793485342019541
file00681.txt	1239	6.913807056239174	0.694857142857143
file00695.txt	1147	7.060191887553086	0.6602367941712217
file00865.txt	590	6.970973442162698	0.6773752310536054
file00871.txt	997	6.806434466912446	0.5922573839662445
file00326.txt	888	6.800281039319436	0.723265792610251
file01038.txt	821	6.6618603988654215	0.6793782383419712
file00440.txt	1103	6.852926940506427	0.7103225806451633
file00454.txt	769	6.980253662793155	0.5916111111111122
file00332.txt	1080	6.955320250378393	0.7260717749757507
file01004.txt	1151	6.978609334623998	0.6275499092558983
file00468.txt	782	6.895640839577762	0.6377626193724428
file01010.txt	999	6.817062552378181	0.6957684210526321
file00483.txt	564	6.9207285665787515	0.6770873786407764
file00497.txt	813	7.056981076490603	0.6502879581151856
file00252.txt	1333	7.040180860142357	0.7104984423676036
file00534.txt	912	6.970613162058083	0.6531170336037089
file00520.txt	1077	7.174689292266404	0.6844163424124519
file01158.txt	1007	7.005947706675636	0.6405010438413362
file00246.txt	104	5.365106545061117	0.6509090909090909
file01170.txt	695	7.137823317501457	0.6779256965944295
file00508.txt	1079	7.10037195461565	0.6585048543689314
file01164.txt	510	6.777486132562899	0.6840780911062905
file00291.txt	937	7.185272235399482	0.6479279279279305
file00285.txt	1317	7.013454163702616	0.7191955835962136
file00736.txt	982	7.1498487014394785	0.6362700964630236
file00050.txt	507	6.628575370261298	0.6410043668122264
file00044.txt	935	7.1689351157441035	0.6589616252821686
file00722.txt	591	7.099888155135109	0.5920664206642078
file00078.txt	1068	7.287158833235894	0.6231795878312087
file00093.txt	771	6.981120819302497	0.6281163434903067
file00087.txt	1088	7.077152935232279	0.7227526467757478
file00939.txt	1069	7.078556442046001	0.6575882352941189
file00911.txt	848	7.035920216126533	0.6236545682102644
file00905.txt	675	6.783731342950402	0.6820447284345057
file00083.txt	730	6.942866259382159	0.6333627019089604
file00097.txt	597	6.788720337850304	0.6289051094890531
file00929.txt	738	6.94829561427252	0.5894339622641509
file00901.txt	880	7.020465333943725	0.7074368231046942
file00915.txt	721	6.642559243033186	0.6052380952380956
file00726.txt	578	7.019072492337863	0.6517958412098307
file00040.txt	671	6.755498429340955	0.679131832797429
file00054.txt	1466	7.163427605565727	0.7169936485532836
file00732.txt	800	7.065782897291062	0.6145672436751007
file00068.txt	1172	7.048882238651371	0.613072128227961
file00281.txt	1111	7.134226771534506	0.6206779661016976
file00295.txt	864	6.902041512910851	0.6703067484662596
file00242.txt	749	6.931092014369419	0.6861714285714321
file00524.txt	1234	7.035785464306155	0.7271898734177237
file00530.txt	426	6.752505927023686	0.6814854111405828
file00256.txt	578	6.265810283730458	0.6944045368620042
file01148.txt	755	6.669509936945703	0.696345609065156
file01160.txt	765	6.63752271566238	0.5894692737430172
file00518.txt	791	6.74500716909045	0.6842048517520238
file01174.txt	1203	7.185630850977928	0.6713691507798958
file00493.txt	517	6.609129987559601	0.6047008547008556
file00487.txt	486	6.690254249074528	0.6527688787185341
file01028.txt	873	7.164463082276858	0.6616747572815539
file00336.txt	1019	6.849628103512912	0.7038144329896906
file00450.txt	510	6.976073665372634	0.6016919739696301
file00444.txt	894	7.028216787825732	0.6046627218934931
file00322.txt	994	7.170608442709341	0.6108571428571468
file01014.txt	888	6.577041682514294	0.6036948748510146
file00478.txt	597	6.984039251692787	0.6005109489051099
file01000.txt	673	6.749064188483742	0.5794871794871798
file00691.txt	945	7.069012629752659	0.702098214285716
file00849.txt	853	6.847120658101111	0.6867661691542315
file00685.txt	648	7.002886105229258	0.6598998330550916
file00875.txt	1044	6.916991129574019	0.649969849246231
file00861.txt	944	7.082178375004941	0.6848491620111744
file00652.txt	1451	7.141695911437105	0.698416547788873
file00134.txt	716	6.9712644010271365	0.6838080959520256
file00120.txt	382	6.254988623890124	0.7305705705705704
file00646.txt	492	6.670033675317198	0.5986907449209941
file00108.txt	1390	6.6529448526979476	0.6148993288590581
file01216.txt	1231	6.973836161529026	0.6928764805414573
file01202.txt	1433	7.025184535607812	0.7231358381502864
file01203.txt	2046	7.225810398174651	0.7373460190285444
file01217.txt	1504	6.985891052062313	0.6807147766323013
file00109.txt	1309	7.0261168766762525	0.6711269841269836
file00121.txt	717	6.767565026235614	0.6596706586826351
file00647.txt	939	6.717461702825624	0.6439101123595514
file00653.txt	964	7.189554724914115	0.6634316939890701
file00135.txt	993	7.06763295638829	0.6563559322033902
file00860.txt	802	7.144973796530348	0.5857370517928286
file00874.txt	1048	6.927054171539853	0.7706506506506497
file00684.txt	548	6.888900928365942	0.6054909819639277
file00848.txt	1033	6.944086060865487	0.7129065040650401
file00690.txt	741	7.052238445507929	0.6871676300578048
file00479.txt	628	7.37601906359574	0.5786873920552675
file01001.txt	751	6.859782490192992	0.6674358974358994
file01015.txt	937	6.872523943293711	0.6495495495495517
file00445.txt	568	6.471104637513599	0.683737957610791
file00323.txt	1274	7.027698095541959	0.729681632653059
file00337.txt	941	6.865706811309815	0.6982959641255632
file01029.txt	1085	7.066253598055722	0.691640926640928
file00451.txt	673	6.647528734370007	0.6364423076923099
file00486.txt	428	6.93638409112104	0.5739313984168867
file00492.txt	202	6.315814049290528	0.6392156862745095
file01175.txt	1516	7.082638195022534	0.6391547375596429
file01161.txt	521	6.976939701904641	0.6568220338983055
file00519.txt	1168	7.145454023587163	0.7013404825737246
file00531.txt	756	6.998304376881505	0.6045261669024062
file01149.txt	746	6.793208766652992	0.6581922525107614
file00257.txt	1099	7.246752484440104	0.6613333333333317
file00243.txt	884	7.01138383989578	0.6905389221556896
file00525.txt	894	6.857625833013778	0.6520236686390551
file00294.txt	810	7.06777973163584	0.6752693823915923
file00280.txt	1106	6.7884127936448735	0.645998107852412
file00069.txt	728	6.907573969617035	0.6354639175257749
file00055.txt	1025	6.8467980058695455	0.6756762295081975
file00733.txt	574	6.70782852110559	0.5656761904761912
file00727.txt	402	6.78756282859272	0.698130311614729
file00041.txt	777	6.958101476311954	0.707307692307694
file00914.txt	457	6.760600430781068	0.5677941176470586
file00900.txt	1317	7.0064242584738405	0.7584858044164035
file00096.txt	1001	7.371177633496266	0.6508403361344545
file00928.txt	723	7.046017812309043	0.6092284866468863
file00082.txt	644	7.041833306252561	0.6413109243697492
file00094.txt	722	6.873413799231883	0.6377414561664209
file00080.txt	723	6.8805950204482595	0.6529080118694368
file00916.txt	917	6.94699570548151	0.6468202764976972
file00902.txt	1188	7.00614009327056	0.7419666374012269
file00731.txt	543	6.767579183339082	0.6638866396761146
file00057.txt	1223	7.057335004480108	0.7199148211243611
file00043.txt	772	6.845420920945618	0.6108160442600289
file00725.txt	628	6.6254799899834635	0.6467702936096729
file00719.txt	817	6.979683790490403	0.6480729166666676
file01188.txt	1581	7.106995730318598	0.713120104438643
file00296.txt	1051	6.958770416638689	0.6699201596806403
file00282.txt	916	6.926312919041528	0.6566551326412935
file00255.txt	986	7.077354466095372	0.7316328708644624
file00533.txt	726	7.026607033602925	0.5453175775480068
file00527.txt	205	6.180718908353705	0.6796153846153847
file00241.txt	683	6.8529931867781695	0.6792744479495282
file00269.txt	649	6.781108482003458	0.7113666666666678
file01177.txt	1314	7.05946455178321	0.6620711462450574
file01163.txt	549	6.493294250584644	0.6809600000000005
file00484.txt	308	6.648284916697587	0.6222393822393822
file00490.txt	667	6.641158624189876	0.6766990291262148
file00321.txt	850	6.908884482429452	0.7185518102372037
file00447.txt	439	6.698763731619632	0.6370256410256406
file00453.txt	741	6.801290696342936	0.6210982658959551
file00335.txt	602	6.895648356880022	0.6987703435804714
file01003.txt	825	7.011361854743927	0.7223195876288678
file01017.txt	986	6.866055841246297	0.6433297758804712
file00309.txt	816	6.688773476922212	0.6964797913950491
file00686.txt	954	7.120032974726357	0.6484640883977938
file00692.txt	491	6.54996368828677	0.6465158371040722
file00862.txt	1090	6.905950632520208	0.7313928914505292
file00876.txt	1127	7.0972257256355125	0.6793877551020396
file00645.txt	1049	6.769291387735045	0.7026199999999991
file00123.txt	803	6.733196535369534	0.7475066312997354
file00137.txt	437	7.032631495887757	0.6677319587628862
file01229.txt	1025	6.886337710812687	0.6821926229508184
file00889.txt	827	6.8950940012676725	0.6723136246786671
file00651.txt	1229	7.07828685523855	0.6172542372881356
file00679.txt	970	6.9041165520800405	0.7129207383279038
file01201.txt	705	6.780451857865033	0.6346341463414651
file01215.txt	1476	6.821640420448205	0.6988086895585128
file01214.txt	1317	6.926665871000385	0.7280757097791785
file00678.txt	1275	7.099946996417284	0.5975367047308313
file01200.txt	579	6.907589992601859	0.5769811320754715
file01228.txt	962	7.000227120641617	0.7177217962760137
file00136.txt	1447	7.075715551631675	0.6301144492131606
file00650.txt	1165	7.037733951792676	0.6813261648745511
file00888.txt	584	6.958720205326984	0.6112523364485986
file00644.txt	1059	6.94460841719232	0.6776633663366327
file00122.txt	1381	6.968416365350227	0.6969819819819814
file00877.txt	1337	7.302893724399415	0.6313354037267097
file00863.txt	933	6.763768382448619	0.7168325791855185
file00693.txt	610	6.444579724028115	0.6905525846702321
file00687.txt	739	7.050800300780718	0.6006956521739132
file00308.txt	886	7.0037720140657935	0.6605734767025115
file01016.txt	882	6.826423599296502	0.6958703481392592
file01002.txt	1073	6.800170205284918	0.6474609375000018
file00452.txt	559	6.485456440154933	0.6987843137254911
file00334.txt	619	6.843482047975282	0.6771578947368432
file00320.txt	1224	7.097443092764498	0.6803574468085081
file00446.txt	367	6.364954138208146	0.6738993710691811
file00491.txt	863	6.906248526058761	0.7589189189189186
file00485.txt	565	6.910900755959628	0.6968217054263567
file01162.txt	549	6.9062584707596955	0.6642800000000002
file01176.txt	1430	7.071562078792607	0.7034033309196265
file00268.txt	556	6.582801688779756	0.724220907297832
file00526.txt	490	6.951157412122403	0.6339229024943323
file00240.txt	951	6.864716561009061	0.6304434589800457
file00254.txt	985	6.797248843237984	0.7126709401709418
file00532.txt	807	7.009537639423795	0.6567546174142497
file00283.txt	617	7.03360549595133	0.6736971830985933
file00297.txt	1232	6.874862779083442	0.6794928148774272
file01189.txt	1057	6.998311926974445	0.7056150793650802
file00718.txt	516	6.673547667461184	0.6802141327623131
file00042.txt	764	7.181095224011469	0.6886153846153855
file00724.txt	868	6.876578752236327	0.7079609279609281
file00730.txt	340	6.534426731970424	0.6601374570446739
file00056.txt	1020	7.024076192832462	0.6148094747682804
file00903.txt	752	6.737647531951986	0.6210810810810827
file00917.txt	885	6.956609668689416	0.6582057416267973
file00081.txt	780	7.065625198864131	0.6567715458276353
file00095.txt	742	6.967419750390645	0.674025974025975
file00970.txt	846	6.790557302989103	0.6768632371392743
file00964.txt	1006	6.814565313665707	0.6407941483803556
file00794.txt	801	6.963200278443398	0.6659840425531924
file00958.txt	225	6.219508752245078	0.6978409090909099
file00780.txt	1435	7.229892440677941	0.6377056277056262
file00019.txt	965	7.067395577445947	0.6603493449781653
file00757.txt	514	7.026696110090053	0.564602150537635
file00031.txt	760	7.131699882702615	0.5715330520393828
file00025.txt	807	7.044038253242173	0.7236147757255948
file00743.txt	900	6.941107377968359	0.7412925969447676
file00596.txt	1054	7.221007985784069	0.6386467661691553
file00582.txt	467	6.41613291435031	0.7223923444976081
file01111.txt	805	6.748510831147635	0.6954761904761935
file00569.txt	209	6.014733185831477	0.7021250000000006
file01105.txt	822	6.660662454810893	0.5643725743855127
file00233.txt	190	6.536265950789521	0.7686524822695041
file00555.txt	813	7.021667695741567	0.6921204188481693
file00541.txt	549	6.388590945575604	0.6608800000000001
file00227.txt	1029	7.072574961814413	0.6823265306122471
file01139.txt	352	6.622441632347127	0.626600660066007
file00384.txt	543	6.795697284147178	0.6114574898785422
file00390.txt	696	7.019732841432709	0.6829675425038643
file01065.txt	860	6.89168455556833	0.6612330456226891
file00409.txt	386	6.390528696555158	0.6957270029673588
file01071.txt	887	6.864844901551206	0.6482816229116961
file01059.txt	509	6.8676905732873434	0.6608695652173913
file00347.txt	939	7.079265354406737	0.7340674157303352
file00421.txt	786	7.1442553536284255	0.6611940298507485
file00435.txt	851	6.8663074101231745	0.5866832917705748
file00353.txt	1112	7.0473719749537365	0.6764252116650983
file00804.txt	1070	6.711349882684088	0.6083839373163566
file00810.txt	1714	7.071527695091011	0.6483723723723714
file00838.txt	1689	6.881756554580733	0.7055365853658535
file00186.txt	901	7.051765319705918	0.7238028169014087
file00192.txt	768	7.088380670463674	0.6408623087621701
file00179.txt	311	6.4961008771859925	0.6685496183206097
file01267.txt	1591	7.122388767513267	0.7570557717250316
file01273.txt	1305	7.079179407525185	0.7608121019108292
file00623.txt	1218	6.865977607934654	0.7469461077844318
file00145.txt	853	7.0231699761215545	0.714900497512438
file00151.txt	1483	6.8063722242528275	0.7318967921896795
file00637.txt	697	6.93991134671941	0.6462962962962989
file00150.txt	1133	7.182615252257558	0.6071771217712186
file00636.txt	622	6.79556419516393	0.6888307155322864
file00622.txt	673	6.64767526675152	0.6447435897435896
file00144.txt	1647	6.880570861460073	0.6780976220275341
file01272.txt	1262	7.016722366493229	0.7624402308326489
file01266.txt	1227	6.920647458322312	0.7682512733446497
file00178.txt	760	6.931025158007423	0.6528551336146284
file00193.txt	916	7.082948230414593	0.6362860438292982
file00839.txt	1267	7.185009057353293	0.671954022988504
file00187.txt	1166	6.853778310944309	0.6799820948970478
file00811.txt	951	6.639181448137682	0.7176274944567627
file00805.txt	929	7.004351283685674	0.5515909090909099
file00434.txt	319	6.956453784388541	0.6843703703703712
file00352.txt	866	6.747671445445879	0.716352509179927
file00346.txt	1152	6.927495938662192	0.69046237533998
file01058.txt	648	6.689281242904017	0.6811352253756264
file00420.txt	795	7.003850200361186	0.6313136729222529
file00408.txt	592	6.937216001316238	0.605782688766116
file01070.txt	975	7.061375884779164	0.6983801295896362
file01064.txt	951	6.80267267042242	0.6600886917960108
file00391.txt	1531	7.17498138223747	0.6664777327935236
file00385.txt	659	6.497027958668004	0.599114754098362
file00540.txt	670	6.675912599881419	0.6997745571658619
file01138.txt	481	6.589303808815812	0.6354166666666664
file00226.txt	744	6.825579469426777	0.639568345323742
file00232.txt	592	6.880973559724004	0.614327808471455
file00554.txt	1207	6.894801087475866	0.7078065630397229
file01104.txt	1243	7.078058725503071	0.6975711892797329
file01110.txt	570	6.783492702966899	0.6890211132437624
file00568.txt	873	6.7154657878835815	0.7155339805825243
file00583.txt	944	6.868705409065179	0.6702569832402248
file00597.txt	729	6.903467327195847	0.5887058823529417
file00024.txt	1097	6.767767097360036	0.6267175572519103
file00742.txt	424	6.538797213388509	0.7266666666666679
file00756.txt	1007	7.20494013170622	0.6300000000000007
file00030.txt	1227	7.358953845469103	0.6560271646859076
file00018.txt	1094	7.221192268000743	0.6567846889952169
file00781.txt	665	6.935687402541618	0.5941558441558451
file00959.txt	406	6.866135352608667	0.6849299719887956
file00795.txt	889	6.959979978490376	0.6948809523809545
file00965.txt	1214	7.007403771200115	0.6510557939914162
file00971.txt	1180	6.7836270318692895	0.7037135278514586
file00967.txt	1258	7.03554238895482	0.6664846980976017
file00973.txt	563	6.593439131441037	0.6135408560311291
file00783.txt	522	6.5901722642941465	0.6657505285412273
file00797.txt	523	6.890558215305249	0.607679324894515
file00768.txt	636	6.674976389720047	0.6757751277683147
file00740.txt	705	6.4352131058040065	0.6526524390243917
file00998.txt	484	6.539582557493203	0.5961379310344838
file00026.txt	990	7.19190504586776	0.6608501594048901
file00032.txt	841	7.006422638163929	0.6319949494949505
file00754.txt	382	6.8485030911891975	0.6230630630630636
file00581.txt	650	6.605682093259519	0.5955740432612314
file00595.txt	537	7.0139776215232965	0.6545491803278688
file00218.txt	1131	6.9162882798478975	0.6690018484288373
file01106.txt	763	7.065489462396799	0.6194117647058847
file01112.txt	902	7.028147714573769	0.6340211019929679
file00224.txt	865	6.6116505454657695	0.6645343137254925
file00542.txt	1069	6.973826224715514	0.6195098039215693
file00556.txt	795	7.04468484930709	0.7026541554959794
file00230.txt	724	7.0831678021841125	0.6408888888888901
file00393.txt	1030	6.786669527649047	0.7462793068297642
file00387.txt	634	6.394320613913385	0.6591452991453007
file01099.txt	679	6.92991414712957	0.7086031746031749
file01072.txt	701	6.965825922598485	0.6303987730061366
file01066.txt	893	7.045804138343756	0.6692890995260669
file00378.txt	1258	6.905001034420392	0.7397518610421822
file00350.txt	630	6.775223653559057	0.7098106712564557
file00436.txt	899	6.8137150854112924	0.624188235294119
file00422.txt	660	6.687355437263671	0.707037643207857
file00344.txt	943	7.165290521743956	0.664138702460853
file00813.txt	829	6.971884032644129	0.6531282051282064
file00807.txt	1296	6.936749832439775	0.6464635124298307
file00191.txt	593	7.058713442117	0.6271691176470595
file00185.txt	1103	6.770992440656421	0.5837381404174585
file00608.txt	712	7.100690485674525	0.6567722473604826
file01270.txt	1379	6.9375195142987796	0.7243157894736881
file01264.txt	1163	6.979798396928407	0.7405924596050266
file00634.txt	500	6.853154057142555	0.5778270509977825
file00152.txt	753	6.901866419666191	0.6668181818181833
file00146.txt	1107	6.962434727359671	0.6679584120982986
file01258.txt	1463	7.077932597395362	0.7085289957567164
file00620.txt	1163	6.981529290836271	0.7168940754039501
file01259.txt	1078	6.994399392463235	0.7073080660835747
file00147.txt	726	6.931153766773529	0.683279172821271
file00621.txt	832	6.978364222191126	0.7239335887611759
file00635.txt	732	6.9104403732916175	0.6734699853587139
file00153.txt	1230	6.921520333349143	0.7134970364098207
file01265.txt	1438	7.113840199738087	0.7460331173506074
file00609.txt	760	6.814805409041044	0.6742053445850933
file01271.txt	1679	7.033236541947045	0.7467975460122663
file00184.txt	711	7.2215816336920104	0.6496978851963748
file00190.txt	598	6.724348792022022	0.6982877959927138
file00806.txt	994	7.014235818894872	0.6899259259259269
file00812.txt	811	6.801777733590066	0.650944881889766
file00423.txt	545	6.552086960735712	0.5829435483870974
file00345.txt	571	6.6334594557499695	0.6933716475095798
file00351.txt	1381	7.248874802173392	0.6948198198198201
file00437.txt	451	6.458663170263293	0.6097014925373136
file00379.txt	907	6.940727359520743	0.6965734265734304
file01067.txt	937	6.9642037398543835	0.6307207207207236
file01073.txt	1151	7.2124018996079355	0.6713974591651536
file01098.txt	397	6.5636116981565715	0.5858620689655176
file00386.txt	679	6.744564851515018	0.6545714285714301
file00392.txt	645	6.642879884772062	0.6319798657718129
file00557.txt	726	6.993028805005546	0.7159822747415063
file00231.txt	936	6.876528468265567	0.6287260428410374
file00225.txt	954	6.930756606637723	0.7003535911602231
file00543.txt	637	6.837279502769592	0.647142857142858
file01113.txt	1063	7.197902761741487	0.6873570019723879
file01107.txt	1104	6.54369603263021	0.6245118483412335
file00219.txt	688	6.920691448323444	0.7099530516431944
file00594.txt	674	7.050922040459205	0.6194880000000019
file00580.txt	1050	7.020984875113233	0.7068731268731264
file00033.txt	520	6.9668236105253705	0.6782165605095553
file00755.txt	623	6.907816545319239	0.5783275261324043
file00999.txt	688	6.596299313693607	0.6436932707355255
file00741.txt	319	6.687280164072071	0.694814814814814
file00027.txt	811	7.0961493155042215	0.7170866141732303
file00769.txt	621	7.167559520542894	0.601363636363638
file00796.txt	1211	7.275330728363689	0.6913941480206535
file00782.txt	1420	7.091428612825187	0.5931291028446375
file00972.txt	680	6.681167805499187	0.6356576862123628
file00966.txt	1195	7.235670420318147	0.6840837696335076
file00786.txt	647	7.073575996193337	0.6339799331103682
file00792.txt	1349	7.1688481227166765	0.6894461538461507
file00962.txt	878	7.0903395515402625	0.7030156815440297
file00976.txt	654	6.637274901392736	0.6305785123966957
file00023.txt	791	6.987621461074569	0.6827493261455541
file00745.txt	521	6.651251240364605	0.6448728813559329
file00751.txt	866	6.748220718342792	0.6627662178702609
file00989.txt	1454	7.017615570672173	0.7070035587188602
file00037.txt	884	7.320495581876751	0.67865868263473
file00779.txt	866	6.875754814040074	0.669449204406368
file00584.txt	229	6.238006001859461	0.6945555555555559
file00590.txt	863	7.044621781048467	0.6277395577395601
file00547.txt	563	6.8056546290267095	0.6302723735408565
file00221.txt	897	7.0777794970734	0.6363443396226417
file00235.txt	733	6.975758952505543	0.5390058479532157
file00553.txt	1019	7.258770554911669	0.6716288659793843
file01103.txt	649	6.769225012163158	0.6509333333333344
file00209.txt	881	6.970317775578832	0.6817307692307699
file01117.txt	1118	6.588478823641729	0.7208419083255372
file00396.txt	783	6.998104920641026	0.6456948228882846
file01088.txt	426	6.8280647961634635	0.6489124668435008
file00382.txt	1064	7.0930151510172195	0.6688669950738932
file00433.txt	728	6.922281419138111	0.7116936671575866
file00355.txt	801	6.838772058341172	0.7018617021276613
file00341.txt	1085	7.0220486971849745	0.728687258687259
file00427.txt	505	6.886181029497034	0.6444736842105264
file01077.txt	1140	6.940033982681304	0.6858111824014681
file00369.txt	846	7.183221345049986	0.6985696361355106
file01063.txt	792	6.95420449142245	0.7088829071332439
file00194.txt	537	6.651326659082137	0.6084836065573769
file00180.txt	632	6.86617885172108	0.6913550600343059
file00816.txt	1605	7.2104537219758305	0.6911311053984559
file00802.txt	1298	7.035105453561722	0.7338831064851863
file00157.txt	247	6.261733157445634	0.6667676767676771
file01249.txt	861	6.912262205943996	0.7327832512315288
file00631.txt	481	6.75997577006294	0.6743981481481485
file00625.txt	984	6.924552045838691	0.7066096256684476
file00143.txt	839	7.029387960144958	0.6591139240506344
file01275.txt	1201	7.080810054079494	0.7056770833333332
file00619.txt	698	6.573949801041867	0.6410785824345148
file01261.txt	1059	7.0259299682875005	0.7457425742574264
file00618.txt	782	7.001675590989999	0.6590177353342447
file01260.txt	1278	6.976673884932164	0.7272579332790874
file01274.txt	1527	7.135449579757777	0.7268741542625182
file00624.txt	902	7.013292369757687	0.6257913247362262
file00142.txt	888	6.825222510624591	0.6934207389749706
file01248.txt	1395	7.098323337043952	0.7154977711738496
file00156.txt	376	6.847443794664469	0.564892966360856
file00630.txt	1041	6.844104484832382	0.7187096774193569
file00803.txt	1046	6.679571161155869	0.6963691073219658
file00817.txt	1143	6.768242346113969	0.6785557586837286
file00181.txt	693	6.961729669013394	0.7270496894409947
file00195.txt	1041	6.877249643745669	0.6652016129032275
file01062.txt	1140	6.847737470411016	0.5732355637030239
file00368.txt	1098	6.89651745118529	0.7283698760724514
file01076.txt	982	6.848174321832642	0.7304608788853155
file00340.txt	783	6.816125067976538	0.7220163487738428
file00426.txt	304	6.52632180658381	0.6557647058823524
file00432.txt	706	6.990939796745287	0.6536681887366824
file00354.txt	977	7.060689900053211	0.7132974137931047
file00383.txt	808	6.591924788160221	0.6234519104084346
file01089.txt	645	7.045935136141231	0.6241275167785237
file00397.txt	993	6.856450153244024	0.7101483050847459
file01116.txt	948	6.937245734541145	0.6689655172413804
file00208.txt	1865	7.056295853070469	0.6338215859030805
file01102.txt	822	6.835482675324186	0.6533764553686945
file00234.txt	890	6.736202191077638	0.6353388822829977
file00552.txt	723	6.952558635915535	0.710385756676558
file00546.txt	1327	6.972784784393601	0.6122378716744914
file00220.txt	820	7.04627125444234	0.6183398184176414
file00591.txt	512	6.795540372201907	0.6914038876889864
file00585.txt	329	6.422454206034448	0.6986428571428576
file00778.txt	902	6.657826816865385	0.6215240328253228
file00988.txt	1268	6.861068158647644	0.7158818703855631
file00750.txt	459	6.375376736331411	0.6274634146341455
file00036.txt	556	6.87534069604159	0.6563313609467468
file00022.txt	1427	7.016117482900585	0.6694629898403488
file00744.txt	419	6.69809751209035	0.6709189189189179
file00977.txt	2090	7.03671760674167	0.7036550710436118
file00963.txt	1154	7.045482810933379	0.628199095022626
file00793.txt	775	7.0203641450974885	0.6866666666666685
file00787.txt	586	6.960594373915341	0.7002607076350111
file00949.txt	140	5.6580734474362	0.7586813186813182
file00791.txt	1179	6.809601612542259	0.7254513274336265
file00785.txt	605	6.816906045595945	0.6310791366906485
file00975.txt	642	6.960246504285507	0.6816863406408102
file00961.txt	117	6.309470167568433	0.7123529411764702
file00034.txt	1142	6.949210354085986	0.7180603842634953
file00752.txt	458	6.69075024186294	0.6278239608801943
file00746.txt	306	6.940031909437131	0.624591439688717
file00020.txt	743	6.59811090452857	0.7000864553314154
file00008.txt	878	7.121608519804954	0.674861278648976
file00593.txt	747	6.903108421242325	0.6357020057306617
file00587.txt	562	7.195638059907858	0.6030019493177387
file00550.txt	1114	6.780786207859006	0.6502723004694853
file00236.txt	532	6.76118513190187	0.7114699792960677
file01128.txt	278	6.062546756183486	0.725152838427947
file00222.txt	401	6.597755089040884	0.7068181818181812
file00544.txt	905	6.982245591119729	0.6549065420560775
file01114.txt	1055	6.8020245714920415	0.6801590457256477
file01100.txt	1064	7.046395014087455	0.710325123152713
file00578.txt	823	6.880418758374864	0.6781912144702852
file00381.txt	931	7.053531245142314	0.659727891156465
file00395.txt	748	7.139466366206943	0.5860944206008589
file00424.txt	905	6.882871624009363	0.5571728971962627
file00342.txt	867	6.621882469268915	0.7478973105134482
file01048.txt	436	6.6596475914540925	0.6510077519379845
file00356.txt	637	6.849871353148293	0.7429931972789126
file00430.txt	604	6.412393718920841	0.671135135135135
file00418.txt	184	6.625097062966936	0.7497777777777775
file01060.txt	1169	7.141822524567832	0.6843214285714284
file01074.txt	967	7.100092654284305	0.6503921568627464
file00183.txt	538	6.928709949016134	0.6509611451942746
file00829.txt	559	7.159408349057507	0.6118431372549021
file00197.txt	372	7.036457532327311	0.5952321981424146
file00801.txt	787	6.831765065035951	0.692981029810299
file00815.txt	781	6.9995906131404535	0.6144262295081977
file00140.txt	438	6.745440749396057	0.6613367609254484
file00626.txt	924	6.979213042719757	0.6523200000000003
file00632.txt	555	6.93470718080961	0.6712252964426887
file00154.txt	636	6.640698380461085	0.6327427597955726
file01262.txt	1267	7.195712772196926	0.6725123152709355
file00168.txt	754	6.9743663477571545	0.6211063829787249
file01276.txt	1533	6.840531567728534	0.6895148247978451
file01277.txt	1654	7.065024531107438	0.7311775700934613
file00169.txt	733	6.902725443856532	0.6514912280701773
file01263.txt	1394	7.0879673643620045	0.7054869888475849
file00633.txt	449	7.045018848319068	0.522799999999999
file00155.txt	577	6.397320415350953	0.6727272727272737
file00141.txt	659	6.851601703625619	0.6336065573770494
file00627.txt	635	6.404659121351045	0.637747440273039
file00814.txt	950	6.885838841131465	0.6425749167591595
file00800.txt	899	7.106377521380424	0.684258823529414
file00828.txt	425	6.656387174701856	0.6886702127659573
file00196.txt	1039	7.040749346050387	0.662787878787879
file00182.txt	649	6.89809635847406	0.7244333333333343
file01075.txt	634	6.713181389267635	0.6560341880341884
file00419.txt	421	6.9024231565507845	0.6745161290322575
file01061.txt	808	7.000752490955512	0.641449275362321
file00357.txt	1367	6.763751628076623	0.7470106221547821
file01049.txt	515	6.703134302992961	0.6254935622317591
file00431.txt	647	6.90244878227793	0.6752173913043495
file00425.txt	316	6.484809325004376	0.6363295880149817
file00343.txt	1099	6.836892268097477	0.7184571428571399
file00394.txt	966	6.925493082941039	0.665169029443841
file00380.txt	1228	7.165904727042828	0.7325190839694615
file01101.txt	1677	7.018776375401854	0.7156142506142519
file00579.txt	812	6.5083584355857615	0.6146264744429887
file01115.txt	1076	6.745889581910019	0.6719571567672871
file00223.txt	1005	6.812394242293155	0.6222175732217583
file00545.txt	614	6.917998610813584	0.5998584070796463
file00551.txt	599	7.0968082953974765	0.6366909090909096
file01129.txt	404	6.374296692720004	0.6552676056338029
file00237.txt	1175	6.993045686783279	0.7090763765541744
file00586.txt	397	6.214480475358118	0.6432758620689654
file00592.txt	586	7.274593785578453	0.5813035381750479
file00009.txt	1584	6.969881695219101	0.6763257328990219
file00747.txt	377	6.605348443602103	0.6769512195121943
file00021.txt	1096	6.8273710932671055	0.6590639923591214
file00035.txt	1063	6.859032363376244	0.7252268244575953
file00753.txt	978	6.921016436879863	0.6580193756727679
file00960.txt	607	6.872912266695568	0.6869534050179225
file00974.txt	645	6.758434784534332	0.6868120805369147
file00784.txt	614	6.979725477168022	0.6496283185840714
file00790.txt	902	7.117295346256262	0.6203282532239168
file00948.txt	356	6.144986666613952	0.6697719869706833
file00951.txt	265	6.167368122354627	0.6568518518518519
file00789.txt	1460	7.0375910018526575	0.6162863217576184
file00945.txt	232	5.714741681971981	0.7216393442622953
file00979.txt	997	6.707846522599607	0.7171308016877669
file00992.txt	585	6.842472046390838	0.609626865671641
file00038.txt	863	6.650693653992116	0.6836609336609363
file00986.txt	1393	7.124221926655344	0.6909970238095248
file00776.txt	559	6.909145395872484	0.7334509803921585
file00010.txt	749	6.907613534040154	0.654685714285717
file00004.txt	760	6.810775609851954	0.6545428973277088
file00762.txt	378	6.889750315063902	0.7106990881458963
file01130.txt	351	6.1549874073432	0.6590066225165563
file00548.txt	909	6.806340762985655	0.6918837209302332
file01124.txt	593	6.06686987298116	0.5985661764705882
file00212.txt	1177	6.847686537871891	0.7138475177304969
file00574.txt	1115	6.744289168384965	0.707317073170728
file00560.txt	718	6.863234390286677	0.6611061285500757
file00206.txt	863	6.7930985452445105	0.7104914004914015
file01118.txt	1104	6.92870513685812	0.6530616113744101
file00399.txt	423	6.906088524289253	0.6043850267379671
file01087.txt	943	6.74442025466985	0.6255033557046985
file01093.txt	753	6.961491686500089	0.6150568181818188
file01044.txt	1092	6.882267277429697	0.6229721955896443
file00428.txt	563	6.356395274957365	0.6012840466926079
file01050.txt	408	6.723009094726096	0.649025069637883
file01078.txt	1255	6.981301927892655	0.746517412935322
file00366.txt	850	7.0880993764982385	0.6814981273408258
file00400.txt	810	7.0017480210602585	0.6732982917214204
file00414.txt	617	7.07525009222403	0.6446478873239448
file00372.txt	763	7.189094774104588	0.582549019607843
file00825.txt	925	6.705739478584056	0.5807305936073066
file00831.txt	318	6.385800362499468	0.737620817843866
file00819.txt	930	6.957308202474385	0.7047900113507415
file00158.txt	769	6.834333595507625	0.6752777777777795
file01246.txt	1434	6.979660011836908	0.6876534296028878
file01252.txt	1630	7.061516506461641	0.7179759645793752
file00602.txt	855	6.92287141181344	0.6491315136476443
file00164.txt	1073	6.751267508933785	0.6418554687499998
file00170.txt	627	6.5395699132551215	0.6459169550173035
file00616.txt	908	6.909435803307252	0.6501746216530875
file00171.txt	1170	7.018278034716936	0.7060124888492413
file00617.txt	1157	6.826948172976931	0.731173285198554
file00603.txt	369	6.926433702552406	0.6186875000000003
file00165.txt	978	6.7576030411202	0.6544241119483328
file01253.txt	1256	6.8530738666135615	0.6656338028168999
file01247.txt	1177	7.0287101638645595	0.7066134751773062
file00159.txt	586	6.065809205948549	0.6650651769087546
file00818.txt	1022	7.156498688993249	0.6277286742034934
file00830.txt	627	6.3004863793234085	0.650000000000002
file00824.txt	1019	7.0741394743053645	0.655051546391753
file00415.txt	522	6.709860813883573	0.6971247357293882
file00373.txt	964	6.7781195542507	0.6296393442622952
file00367.txt	621	6.589006789645738	0.7067482517482532
file01079.txt	782	6.85357721911531	0.7005729877216932
file00401.txt	998	6.925109063612426	0.7254373024236035
file00429.txt	592	6.932548979434712	0.6857090239410685
file01051.txt	470	5.751133239279485	0.7102612826603333
file01045.txt	551	6.585388434953066	0.5854183266932279
file01092.txt	524	6.786998844354445	0.624884210526315
file01086.txt	384	6.771755396360511	0.5982686567164182
file00398.txt	815	6.701341143554745	0.6597911227154066
file00561.txt	568	7.2085885174056665	0.5719075144508677
file01119.txt	1512	6.951526855745216	0.629063568010936
file00207.txt	1594	7.19027877050497	0.6543689320388318
file00213.txt	1256	7.070909793506689	0.634217067108534
file00575.txt	1209	6.905980594431628	0.6544137931034492
file01125.txt	309	6.330162203932804	0.650307692307692
file01131.txt	401	6.210763190004335	0.5996590909090915
file00549.txt	1097	6.732547824340344	0.5731106870229026
file00005.txt	662	6.8944389766242455	0.6236541598694948
file00763.txt	682	6.988074748470598	0.6440442338072685
file00777.txt	1155	7.082625341355886	0.7351898734177226
file00011.txt	1343	7.057222674221332	0.626414219474497
file00039.txt	632	7.022505815885715	0.6782847341337935
file00987.txt	1257	6.974056643112728	0.7151655629139075
file00993.txt	527	6.605289617750153	0.6085774058577407
file00978.txt	1261	7.10922490189348	0.7143234323432364
file00944.txt	490	6.816881750395506	0.6271201814058951
file00788.txt	1258	6.838422468553876	0.6735318444995863
file00950.txt	553	5.701245351680418	0.6090079365079372
file00946.txt	254	6.348251826242066	0.6506341463414631
file00952.txt	194	5.599624749343158	0.7939310344827585
file00985.txt	1067	6.9915514433507635	0.7198231827111999
file00749.txt	645	6.491514348778382	0.7244630872483219
file00991.txt	1589	7.131197394693043	0.7089220779220763
file00761.txt	977	6.850395066738756	0.6222629310344833
file00007.txt	842	7.164583432850701	0.6601513240857527
file00013.txt	744	7.154970588698946	0.559942446043166
file00775.txt	630	6.315035134529252	0.6515318416523254
file00588.txt	972	6.993132385378513	0.6415817984832087
file00239.txt	235	6.6946625314641866	0.6900000000000002
file01127.txt	246	5.536969834250534	0.7115736040609139
file01133.txt	371	6.537674207501327	0.7068944099378873
file00205.txt	891	7.051775593238942	0.6614964370546311
file00563.txt	483	6.706595796204505	0.6566820276497702
file00577.txt	497	6.232025215257674	0.5826785714285704
file00211.txt	926	7.096811740430823	0.6788141391106055
file01090.txt	565	7.125815748920296	0.6708914728682172
file01084.txt	995	6.804955631024337	0.6535729386892182
file01053.txt	512	6.550386473819656	0.6324406047516195
file01047.txt	618	6.797878321554672	0.6178558875219687
file00359.txt	475	6.935279753770751	0.633286384976526
file00371.txt	1014	6.860371135736688	0.6646010362694313
file00417.txt	1026	6.894594173086726	0.6155987717502552
file00403.txt	700	6.698194556326681	0.6444239631336421
file00365.txt	1010	6.8860402351139305	0.684765868886577
file00832.txt	659	6.5779399395581155	0.584262295081968
file00198.txt	486	6.9266525929684795	0.6945080091533186
file00826.txt	391	6.524332037612429	0.6315789473684205
file00629.txt	649	6.729652404225649	0.6357000000000012
file01251.txt	1233	7.131646549659806	0.7293243243243264
file01245.txt	1607	6.9718433965481506	0.7291912708600752
file00615.txt	662	6.799037811728359	0.6593148450244711
file00173.txt	825	6.699100335585227	0.5562886597938146
file00167.txt	737	6.932248020082919	0.629069767441862
file01279.txt	1494	6.967954968893559	0.7355017301038097
file00601.txt	657	6.867695286969534	0.6621381578947377
file01278.txt	1308	7.043844780046701	0.7341699761715649
file00166.txt	532	6.506113649505975	0.6915942028985508
file00600.txt	875	6.72903951898232	0.6807021791767585
file00614.txt	686	7.170975725245859	0.6185557299843026
file00172.txt	860	6.80839660519335	0.6730209617755882
file01244.txt	1296	7.061537353664564	0.7207538091419419
file00628.txt	908	7.036566873422507	0.6875902211874274
file01250.txt	1046	6.879808860845837	0.7217853560682045
file00199.txt	1216	7.155646017125399	0.6747900599828637
file00827.txt	924	6.58563143017934	0.651131428571428
file00833.txt	363	6.5276654495783	0.626178343949044
file00402.txt	657	6.995181168299856	0.6967105263157917
file00364.txt	1125	6.931972967734872	0.7026022304832733
file00370.txt	860	6.658694792683129	0.591565967940815
file00416.txt	818	6.797500741842041	0.6690507152145657
file00358.txt	647	7.132394455340543	0.6233779264214053
file01046.txt	732	6.848957417545328	0.6450366032210846
file01052.txt	535	6.511913688208262	0.6458436213991762
file01085.txt	977	6.964373106165805	0.6210560344827601
file01091.txt	435	6.774046534982847	0.6361139896373051
file00576.txt	729	6.468659935523511	0.710147058823531
file00210.txt	959	6.914508016147664	0.7160000000000015
file00204.txt	1053	6.964339053723011	0.674800796812751
file00562.txt	602	6.8481818264139624	0.5723327305605787
file01132.txt	247	6.59575478066292	0.6302020202020209
file01126.txt	326	6.107843057282847	0.6753068592057757
file00238.txt	533	6.838705623721769	0.6868595041322321
file00589.txt	500	6.320115997007271	0.6712638580931272
file00012.txt	760	6.993544762307869	0.6466385372714498
file00774.txt	533	6.621529860278842	0.5679752066115702
file00760.txt	1698	7.076004182800583	0.6998787143723457
file00006.txt	1032	6.963225103159737	0.6641098677517802
file00990.txt	1406	6.841597796903351	0.7389830508474572
file00748.txt	354	6.775644284526945	0.6459672131147544
file00984.txt	1133	6.8427291498132	0.7273062730627312
file00953.txt	202	6.756508790177914	0.6141176470588234
file00947.txt	246	5.788909153046909	0.7434517766497465
file00943.txt	1218	7.234179648607798	0.6759965782720266
file00957.txt	327	6.674749670348543	0.6731654676258987
file00002.txt	634	6.954573603466765	0.6605811965811976
file00764.txt	579	6.707963630191118	0.6127169811320757
file00770.txt	1225	7.2241745569758065	0.6759863945578235
file00016.txt	1133	7.027744797663984	0.6824538745387445
file00758.txt	506	7.054326860613369	0.591509846827134
file00980.txt	1858	7.178234061675927	0.674339414040909
file00994.txt	519	6.706846363339452	0.5604255319148932
file00599.txt	932	7.081779258701926	0.6113250283125717
file00566.txt	664	7.186810434784622	0.6013008130081285
file00200.txt	831	6.915418557602473	0.677928388746805
file00214.txt	931	6.869516348157022	0.6892970521541949
file00572.txt	549	6.774260992433123	0.6641600000000012
file01122.txt	803	6.749535801177186	0.6714058355437686
file00228.txt	721	6.8638501133942595	0.6877678571428592
file01136.txt	228	6.4150491865750014	0.7311731843575421
file01095.txt	1092	6.950219123715052	0.6723681687440064
file01081.txt	659	6.73706400844002	0.6772131147540984
file00412.txt	941	7.077361025445091	0.6306278026905845
file00374.txt	1569	6.875673341185022	0.7231447368421038
file00360.txt	1001	6.828179106093195	0.6729201680672267
file00406.txt	528	6.483130283936636	0.6424634655532375
file01056.txt	576	6.9084636110886715	0.6476280834914637
file00348.txt	774	6.9273370335962525	0.6730206896551748
file01042.txt	974	7.023901105470603	0.6914594594594611
file00189.txt	633	6.9804268842225	0.5612328767123291
file00837.txt	1337	6.881891593760442	0.7166459627329187
file00823.txt	725	6.91892593025684	0.679378698224855
file00176.txt	858	7.00114891351798	0.6327812113720662
file01268.txt	1469	7.126243345676515	0.7626619718309828
file00610.txt	1136	6.913318991598691	0.6205519779208831
file00604.txt	481	6.5823062325131225	0.6972685185185189
file00162.txt	1127	6.827209229851435	0.6562523191094607
file01254.txt	971	7.116918968892384	0.7015401301518458
file00638.txt	1112	7.07203402654072	0.6695390404515527
file01240.txt	885	6.97876942540567	0.6915311004784713
file00639.txt	937	7.064255163220462	0.6458783783783801
file01241.txt	1076	6.980727708554592	0.7042648490749779
file01255.txt	1095	7.002524813641666	0.7152390057361379
file00605.txt	356	6.352313076280963	0.6493159609120517
file00163.txt	1097	6.901768270997824	0.6534351145038154
file01269.txt	2191	6.892189545463016	0.7141456582633116
file00177.txt	963	6.7936796141923015	0.6971553610503289
file00611.txt	1066	6.805247409673233	0.7706784660766958
file00822.txt	671	6.938053667815043	0.643408360128619
file00188.txt	586	6.8547361553573625	0.6880819366852895
file00836.txt	1143	6.913648857223742	0.7215722120658135
file01043.txt	681	6.89658997609101	0.6264556962025334
file00349.txt	562	7.095009248347313	0.645419103313841
file01057.txt	994	6.78297866224078	0.600656084656085
file00361.txt	597	6.596901642515568	0.6024817518248184
file00407.txt	612	6.651420639640527	0.7000355239786873
file00413.txt	1054	6.731366865261917	0.5894925373134353
file00375.txt	1182	7.0999268450164905	0.6394880847308029
file01080.txt	1046	6.747923595848582	0.7244934804413241
file01094.txt	724	6.9050065508148775	0.5932148148148166
file01137.txt	235	6.132599180673201	0.7640860215053759
file00229.txt	693	6.979303759809887	0.650590062111802
file01123.txt	184	6.573944119248162	0.6128888888888885
file00215.txt	1220	6.9227845155079315	0.6503672075149447
file00573.txt	772	6.714188147006901	0.6779253112033219
file00567.txt	392	6.73813954972314	0.638600583090379
file00201.txt	785	6.9977627252212065	0.6435597826086983
file00598.txt	900	6.971758882334395	0.6915628672150436
file00995.txt	491	6.58360017964196	0.6301809954751134
file00981.txt	1153	6.819162420289743	0.7258514492753634
file00759.txt	707	6.902770656419163	0.6679331306990892
file00771.txt	724	7.150970847198187	0.6002074074074084
file00017.txt	1156	6.9789873930400725	0.6983739837398367
file00003.txt	615	6.973084354933776	0.6485512367491175
file00765.txt	720	6.995608896034261	0.6845901639344281
file00956.txt	139	6.278427526427716	0.6455555555555555
file00942.txt	717	6.697891602999839	0.6108083832335341
file00968.txt	1584	7.037689597819281	0.6703192182410412
file00954.txt	263	6.141883838307856	0.707009345794392
file00940.txt	530	6.931847311753797	0.6381704781704785
file00798.txt	485	6.479021877790465	0.5404128440366975
file00015.txt	1310	7.223427197054901	0.6711340206185596
file00773.txt	573	6.923935085542334	0.5830916030534352
file00767.txt	562	7.0097557334733445	0.6435087719298254
file00001.txt	797	7.080261771866371	0.6117914438502704
file00029.txt	771	6.969080111350257	0.646703601108035
file00997.txt	634	6.737253160986748	0.6600000000000013
file00983.txt	1483	7.037436061244087	0.7348675034867493
file00571.txt	645	6.953088295006783	0.7201006711409405
file00217.txt	878	7.057660601887195	0.6863208685162856
file01109.txt	851	7.029800678307962	0.6756109725685804
file00203.txt	553	6.693872100542051	0.6649603174603185
file00565.txt	477	6.9820516535903785	0.6245794392523369
file01135.txt	408	6.432695107630754	0.6619498607242328
file01121.txt	858	6.86831015563818	0.5937700865265767
file00559.txt	1030	6.843557094111193	0.6183282364933755
file01082.txt	1533	7.131608079419973	0.6330727762803217
file00388.txt	772	7.642438614851623	0.5173720608575381
file01096.txt	622	6.685862443481159	0.6566492146596866
file00405.txt	918	7.082750775374259	0.6411277330264686
file00363.txt	747	6.977126136059782	0.6344699140401165
file01069.txt	1098	7.008151376184128	0.6506577693040997
file00377.txt	961	7.017431682085168	0.6285307017543865
file00411.txt	475	5.746369104909971	0.7249295774647895
file00439.txt	592	6.827253088110972	0.6158379373849001
file01041.txt	841	6.695970309123948	0.6559595959595982
file01055.txt	696	6.750455741291978	0.6699227202472962
file00808.txt	1082	6.702978195010626	0.6808712487899324
file01280.txt	1303	7.154552916360171	0.7055023923444985
file00820.txt	822	6.798672485435949	0.6595601552393283
file00834.txt	779	6.761338358446027	0.6429041095890428
file00161.txt	824	6.778061402472198	0.691329032258067
file00607.txt	1030	7.245825044565562	0.6607543323139666
file00613.txt	695	7.093500448017845	0.601826625386998
file00175.txt	606	6.713558231792066	0.6380251346499114
file01243.txt	2023	6.874453546948508	0.7434853090172227
file00149.txt	807	6.6119286835355915	0.6673087071240135
file01257.txt	1516	7.0750014878720275	0.7141104294478525
file01256.txt	860	6.920101461563548	0.7300616522811327
file00148.txt	581	6.470847966610033	0.7237969924812045
file01242.txt	1228	6.989172758959404	0.7171331636980492
file00612.txt	563	6.646143155838126	0.6250972762645911
file00174.txt	848	6.9010749345049405	0.6609011264080119
file00160.txt	742	6.801882808276986	0.6442712842712862
file00606.txt	575	6.932261801627445	0.5845247148288977
file00835.txt	211	6.750356454948823	0.7555555555555561
file01281.txt	1207	6.920846308380178	0.7256822107081147
file00821.txt	795	6.943386352197203	0.6083378016085811
file00809.txt	869	6.935844060330157	0.7012195121951218
file01054.txt	840	7.050128834637772	0.6016687737041729
file00438.txt	821	7.082027226414945	0.6988601036269441
file01040.txt	1252	7.011887622988513	0.6835910224438899
file00376.txt	845	7.0574494978331686	0.6986432160804051
file01068.txt	610	6.6245232402264564	0.7130837789661325
file00410.txt	565	6.6707148754316465	0.6449612403100787
file00404.txt	574	6.354060060431969	0.6268190476190486
file00362.txt	530	6.546647448532495	0.7000831600831608
file01097.txt	1274	6.996842983367544	0.6942367346938781
file00389.txt	635	6.941513384615039	0.6929692832764527
file01083.txt	795	6.814277797455317	0.6713136729222547
file01120.txt	1053	6.981763520461583	0.714900398406376
file00558.txt	548	7.145345948527774	0.6206412825651311
file01134.txt	477	6.797086234090207	0.653925233644859
file00202.txt	503	7.022870869330964	0.6800000000000008
file00564.txt	899	7.043050202810477	0.6586352941176499
file00570.txt	1136	6.888501436741778	0.7105059797608093
file01108.txt	697	6.302842348731462	0.6116975308641993
file00216.txt	1241	6.8576934735331925	0.7134228187919482
file00982.txt	1107	6.814961350439957	0.7007561436672958
file00028.txt	791	6.888957154558864	0.6818867924528328
file00996.txt	758	6.281399475006311	0.7033568406205941
file00766.txt	1386	7.012220983928516	0.6644427823485416
file00014.txt	708	6.72148231402618	0.698755690440061
file00772.txt	1059	6.838970333771391	0.6887722772277262
file00799.txt	589	6.776624081093884	0.6751481481481489
file00941.txt	677	6.961606461752972	0.680605095541402
file00955.txt	140	6.409469267013357	0.6670329670329671
file00969.txt	1171	6.944438763126373	0.6971122994652401
file00932.txt	517	6.799735159066033	0.561025641025642
file00926.txt	607	6.969494224081388	0.6454838709677434
file00098.txt	858	6.732726705147123	0.6999505562422771
file00729.txt	597	6.261566194440777	0.6269708029197087
file00073.txt	904	7.025133078450838	0.5893333333333344
file00715.txt	380	6.6713879060145	0.6919033232628395
file00701.txt	934	6.860610839205204	0.6658757062146897
file00067.txt	976	6.85415988010952	0.5879827400215766
file01190.txt	1268	6.954964537809071	0.760442986054142
file01184.txt	621	7.140396090501618	0.5569930069930078
file01153.txt	750	7.011346516563234	0.690470756062771
file00259.txt	1485	6.889594624850881	0.7003203342618392
file01147.txt	893	6.741828790361303	0.671611374407584
file00517.txt	1059	7.052743337641544	0.6664554455445539
file00271.txt	921	6.973765218200746	0.6823623853211013
file00265.txt	848	6.8879059786606955	0.6765957446808528
file00503.txt	695	6.854246272258071	0.5569349845201232
file00488.txt	459	7.166845165823571	0.6219024390243899
file01027.txt	1215	7.050640845798821	0.6953001715265832
file00339.txt	1035	6.880785190962791	0.7415212981744435
file01033.txt	703	6.986578068511313	0.6456574923547428
file00463.txt	671	6.73154675251301	0.6429903536977496
file00305.txt	1143	7.074232038760022	0.70725776965265
file00311.txt	666	6.357006715518988	0.6528363047001636
file00477.txt	463	6.763469332989805	0.6048309178743959
file00846.txt	847	7.004636540230801	0.6146616541353405
file00852.txt	815	6.858842805699445	0.7595822454308103
file01225.txt	1480	7.022721337781947	0.7353878406708606
file00885.txt	817	6.592897724733652	0.688255208333334
file00891.txt	722	6.713025662487833	0.6394353640416072
file00649.txt	967	7.188013222568803	0.6536601307189559
file01231.txt	1158	7.072024013090109	0.6976014427412093
file00107.txt	797	6.924504313121787	0.666176470588237
file01219.txt	1163	6.9494473384001	0.7348653500897668
file00661.txt	877	6.7723505074552355	0.611497584541065
file00675.txt	656	6.946299836389411	0.66197693574959
file00113.txt	810	6.714460385781188	0.7241787122207632
file00674.txt	830	6.755915996480751	0.6770038412291954
file00112.txt	829	6.3336375469893	0.7138717948717964
file01218.txt	1610	7.040436730018934	0.7414606021780916
file00106.txt	936	7.1167747971747435	0.580180383314545
file00660.txt	868	6.636083650945373	0.625641025641028
file00648.txt	1066	7.034807763220323	0.6041297935103241
file00890.txt	734	7.062371735866	0.7456934306569333
file01230.txt	1215	6.846926577755299	0.7264150943396261
file01224.txt	813	6.932401849059984	0.6975392670157081
file00884.txt	791	7.0321283190307335	0.6448247978436673
file00853.txt	1136	7.12468839297867	0.6972769089236447
file00847.txt	1131	7.10515717968415	0.6298521256931638
file00310.txt	766	6.522283946711161	0.7085355648535584
file00476.txt	565	6.821898344993079	0.5371317829457368
file00462.txt	794	6.793323040899784	0.6362147651006719
file00304.txt	887	7.158474655613482	0.6663484486873519
file01032.txt	1024	6.96770921896324	0.6680410256410244
file00338.txt	626	6.970046812442192	0.7082842287694999
file01026.txt	485	7.018009382083774	0.601146788990827
file00489.txt	533	6.921886912110214	0.5897933884297512
file00264.txt	808	6.871904284306002	0.6349407114624518
file00502.txt	1072	6.84472528526717	0.7093841642228734
file00516.txt	693	6.701310878768003	0.6608695652173934
file00270.txt	1682	6.729516386469589	0.7084384568279279
file01146.txt	656	6.819914697829435	0.63492586490939
file00258.txt	649	6.670849279308436	0.7282666666666671
file01152.txt	907	7.071902712049374	0.6931934731934729
file01185.txt	777	7.010475140001539	0.6022527472527489
file01191.txt	1201	6.985107388611111	0.7103298611111108
file00700.txt	416	6.518621672151676	0.679564032697547
file00066.txt	695	7.0374883987266275	0.6288854489164101
file00072.txt	1037	6.799930436073213	0.6620242914979779
file00714.txt	398	6.349600130217331	0.6120916905444126
file00728.txt	532	6.572245771270931	0.6691097308488615
file00927.txt	377	6.997450796544801	0.6007317073170726
file00099.txt	659	6.9994384942125425	0.6675737704918041
file00933.txt	1371	7.183597562041972	0.7238275340393342
file00925.txt	1001	7.065453589988802	0.6266596638655461
file00931.txt	576	6.90272808510005	0.615939278937382
file00919.txt	652	7.114159261253165	0.5585737976782755
file00058.txt	656	6.7670014053240735	0.6947940691927506
file00064.txt	695	6.7662509044461965	0.6538699690402487
file00702.txt	509	6.80901903828951	0.6482608695652184
file00716.txt	697	6.718724557861035	0.6085802469135821
file00070.txt	843	7.226842658597294	0.6390680100755675
file01187.txt	1226	6.942198267936736	0.7314698385726416
file00299.txt	922	7.066977619558174	0.6903092783505174
file01193.txt	796	7.025249280517079	0.7136278447121811
file01144.txt	1025	6.814602915331655	0.6806967213114776
file01150.txt	705	6.839750339050224	0.6581097560975615
file00528.txt	676	6.740305332780786	0.7222966507177047
file00500.txt	767	6.874008965901251	0.6377437325905322
file00266.txt	1004	6.897302262048077	0.6268272251308904
file01178.txt	1177	6.950413317010231	0.6281560283687938
file00272.txt	1050	6.913104275262914	0.7412787212787225
file00514.txt	876	6.795231518929725	0.6278597339782355
file00448.txt	309	6.999922652874642	0.6943846153846149
file01030.txt	1007	7.142683495128793	0.5749478079331961
file01024.txt	485	6.360475817989868	0.6597706422018352
file00474.txt	801	7.062393696575479	0.6659574468085122
file00312.txt	1235	6.996778531548926	0.6287352445193934
file01018.txt	1600	7.151140777401434	0.5934622823984513
file00306.txt	450	6.5963230478926	0.5933167082294266
file00460.txt	649	6.54697824977791	0.6245666666666675
file00689.txt	838	6.92246553980578	0.6422813688212955
file00851.txt	1595	6.9824548193255715	0.6866882276843449
file00845.txt	939	6.81858761362522	0.6842022471910123
file00879.txt	1336	6.760668045668851	0.6782284382284383
file01232.txt	1097	7.009784159762559	0.7110496183206125
file00892.txt	756	6.648918453935483	0.704922206506367
file00886.txt	989	6.73383413380397	0.6718936170212761
file00138.txt	790	6.777822107874081	0.6035897435897453
file01226.txt	1195	7.098484895215295	0.7047643979057596
file00110.txt	1024	6.845940767890556	0.6773948717948729
file00676.txt	1577	6.853157069609379	0.6868979057591607
file00662.txt	1109	7.006974627928217	0.6532264150943408
file00104.txt	973	7.115738760741268	0.6985497835497859
file00663.txt	692	6.95875779712304	0.7039191290824297
file00105.txt	560	6.944420852216756	0.6601956947162421
file00111.txt	769	6.672944105430874	0.6633611111111132
file00677.txt	1160	6.855888760603561	0.6947974797479737
file00887.txt	613	6.622852368220387	0.6187234042553205
file01227.txt	958	7.0925383890698965	0.7458965896589672
file00139.txt	831	6.802546097377206	0.6908439897698205
file01233.txt	1529	6.9850296754224885	0.7129594594594575
file00893.txt	1295	6.994308447851044	0.6806581059390041
file00878.txt	1489	6.979249994348515	0.6579861111111108
file00844.txt	995	6.834206812129655	0.6649048625792833
file00850.txt	656	6.642163178132456	0.6759143327841852
file00688.txt	664	6.714441855023227	0.5864715447154486
file00307.txt	856	6.9826211183666915	0.6866171003717478
file01019.txt	1151	7.218908041666792	0.6482032667876574
file00461.txt	1095	7.051164767710805	0.7116061185468454
file00475.txt	868	6.757904531545602	0.6918681318681349
file00313.txt	759	6.696577138970484	0.6963098591549307
file01025.txt	548	6.572555350275607	0.6819238476953907
file00449.txt	354	6.825571443185247	0.7062295081967209
file01031.txt	1313	7.003453177062451	0.6924683544303796
file00273.txt	1819	6.945305329038631	0.7352655367231646
file00515.txt	817	6.971907434780087	0.6864843750000015
file00501.txt	678	6.9818446980830355	0.6983147853736099
file01179.txt	929	6.954810926341315	0.6987954545454558
file00267.txt	621	6.714015187682911	0.6646503496503503
file01151.txt	758	6.98810686038102	0.6432157968970402
file00529.txt	775	6.999265070681497	0.6520936639118474
file01145.txt	687	6.898644964554151	0.5972413793103453
file01192.txt	1390	6.7909514463242955	0.67117076808352
file00298.txt	894	6.894749613973051	0.6793609467455648
file01186.txt	2154	6.97090416600064	0.6823942992874117
file00717.txt	794	6.974938231126826	0.7027382550335578
file00071.txt	967	7.115137181856761	0.7117211328976026
file00065.txt	749	6.98379021395847	0.6672571428571447
file00703.txt	366	6.66665484472852	0.6137539432176659
file00059.txt	1105	7.024415709793676	0.7010037878787884
file00918.txt	906	7.092339921627891	0.6549124854142374
file00930.txt	953	7.0425190027385165	0.6470132743362826
file00924.txt	609	7.07238136693375	0.6124642857142862
file00908.txt	1024	6.757994583829925	0.7132923076923091
file00920.txt	594	6.998040180212945	0.6940550458715614
file00934.txt	1031	7.006966519382302	0.6290224032586558
file00707.txt	551	6.647161581065947	0.6824701195219123
file00061.txt	904	6.949614266159573	0.6477894736842126
file00075.txt	1596	6.899949566937521	0.7645248868778256
file00713.txt	584	6.985965860610965	0.6640373831775715
file00049.txt	1190	7.3180069269244195	0.6307624890446958
file01182.txt	821	6.551659976811711	0.6944559585492259
file01196.txt	635	6.796447457010166	0.6294197952218439
file00288.txt	1082	6.914141665505659	0.6158373668925473
file00263.txt	1284	6.991115713829071	0.6956923076923079
file00505.txt	1448	6.925035208934167	0.6945675482487482
file00511.txt	560	6.84498915098094	0.6571819960861062
file00277.txt	637	6.880910360659565	0.6428571428571435
file01169.txt	793	6.491850853412275	0.6912096774193568
file01141.txt	205	6.407240889648357	0.6848717948717951
file00539.txt	718	7.050001691510688	0.5864275037369212
file01155.txt	700	6.822826111975318	0.6458678955453157
file01009.txt	473	6.753634290005834	0.6402358490566039
file00317.txt	907	7.114377462448966	0.6835431235431247
file00471.txt	874	6.830446869324516	0.6524121212121237
file00465.txt	492	6.521839657640439	0.650564334085779
file00303.txt	1420	6.954257764835057	0.6838512035010944
file01035.txt	788	6.945488410810113	0.648579161028418
file00459.txt	556	6.529315942909153	0.6765285996055248
file01021.txt	1251	6.727927693409813	0.6250748752079863
file00868.txt	435	6.64074467209212	0.6468393782383427
file00854.txt	778	6.759954728961355	0.6598902606310031
file00698.txt	609	7.034739893611871	0.6373214285714287
file00840.txt	1003	7.132303277620457	0.7242976939203355
file00673.txt	657	6.710750157094834	0.6699671052631598
file00115.txt	369	6.809923377056647	0.6097499999999995
file00101.txt	575	6.822675570658953	0.6224334600760462
file00667.txt	945	6.890140149145311	0.7289732142857133
file00897.txt	640	7.056574623716385	0.5715059221658214
file00129.txt	288	6.885493592194842	0.5982426778242684
file01237.txt	989	7.212151985681885	0.7050212765957439
file01223.txt	1109	7.101971930626224	0.7159622641509439
file00883.txt	646	6.659735728823687	0.6792964824120626
file01222.txt	941	7.186999959129154	0.6911659192825131
file00882.txt	882	7.27652067926278	0.5842016806722699
file00896.txt	525	6.851312157247077	0.6212605042016804
file01236.txt	927	6.740854636158314	0.7528929384965848
file00128.txt	653	6.932875409793782	0.5978145695364249
file00100.txt	718	6.732817412093062	0.6949775784753376
file00666.txt	1489	7.280660555362373	0.713944444444441
file00672.txt	699	6.710439451455176	0.6074769230769247
file00114.txt	631	6.708058690756814	0.6549484536082486
file00841.txt	1749	7.182834495089476	0.6299176470588246
file00699.txt	475	6.554859524747434	0.5841314553990598
file00855.txt	874	6.917749534283312	0.6636363636363649
file00869.txt	972	6.636740052610424	0.68513542795233
file00458.txt	514	6.678759347123151	0.634408602150538
file01020.txt	1415	6.847262082944553	0.659956076134699
file01034.txt	891	6.983873790619089	0.6516627078384812
file00464.txt	711	6.854857787196087	0.6324169184290044
file00302.txt	543	5.643545072474205	0.6167611336032398
file00316.txt	1151	7.053888297793979	0.6907803992740469
file01008.txt	840	6.986250637889968	0.7054614412136563
file00470.txt	580	6.428183873961555	0.7143502824858776
file01154.txt	656	6.957334510126782	0.634530477759474
file01140.txt	481	6.621048421770922	0.6977314814814819
file00538.txt	671	6.605108057987169	0.6179742765273325
file00510.txt	1298	7.125435966455979	0.6979983987189721
file01168.txt	508	6.557240802136505	0.6657516339869298
file00276.txt	805	6.781913959039966	0.6208201058201075
file00262.txt	866	7.005419943353104	0.6531211750306007
file00504.txt	563	6.793164279023791	0.5947470817120614
file00289.txt	930	7.029598601771042	0.6664018161180482
file01197.txt	661	6.592369457343801	0.656503267973857
file01183.txt	802	7.039770478134136	0.5777158034528563
file00048.txt	930	6.9868237696950475	0.7148013620885356
file00074.txt	920	7.115964386156994	0.6383008036739397
file00712.txt	817	6.922193457757135	0.6152083333333354
file00706.txt	947	6.764635663981795	0.6007795100222737
file00060.txt	806	7.156017877414571	0.6235667107001345
file00935.txt	1624	6.9696377660035544	0.6873523809523835
file00921.txt	727	6.955492120927666	0.5672271386430691
file00909.txt	1100	6.9066834409925795	0.6970313986679356
file00937.txt	548	6.66032018569578	0.5532264529058121
file00089.txt	361	6.868225021485116	0.7164102564102552
file00923.txt	909	6.965366707587075	0.6468837209302344
file00710.txt	438	6.547982081217681	0.6579434447300759
file00076.txt	1142	7.1753143228046365	0.6581518755718232
file00062.txt	1230	7.169717718918878	0.631922099915328
file00704.txt	789	6.651698841100752	0.6201351351351371
file00738.txt	564	6.757156644227269	0.6389126213592241
file01195.txt	662	6.682336492983551	0.6454812398042434
file01181.txt	724	6.714337009845998	0.6695407407407429
file00274.txt	971	6.858949236177996	0.7508242950108451
file00512.txt	674	7.132982236009326	0.5794560000000006
file00506.txt	555	7.060586890529719	0.6242687747035578
file00260.txt	638	6.734165369627572	0.6329371816638385
file00248.txt	336	6.692001828891191	0.6162369337979091
file01156.txt	658	6.62127062766944	0.6824958949096888
file01142.txt	564	6.658510236295858	0.5305631067961165
file00499.txt	665	6.8005232815821515	0.7085064935064943
file00300.txt	880	6.67290397146656	0.6257521058965111
file00466.txt	555	6.933806306082551	0.6305928853754934
file00472.txt	725	6.707588052458044	0.6664201183431968
file00314.txt	660	6.821241544217862	0.6130605564648136
file01022.txt	470	6.648941393460719	0.6463657957244646
file01036.txt	755	7.062730186398776	0.6562889518413615
file00328.txt	899	7.069578736707139	0.6830117647058851
file00843.txt	1397	6.848896189841538	0.7104747774480697
file00857.txt	966	7.056573459336623	0.7175354416575815
file00664.txt	611	6.907510019372082	0.7201423487544495
file00102.txt	756	6.838800082708405	0.6549646393210763
file00116.txt	978	6.961214828067698	0.7015500538213139
file01208.txt	1061	7.028943643536502	0.6677272727272736
file00670.txt	1021	6.984353194709407	0.706213991769549
file00880.txt	791	6.858744631891796	0.6002964959568736
file00658.txt	1502	7.191455104857623	0.6864418444597373
file01220.txt	2117	7.081212827081623	0.7164506769825965
file01234.txt	1355	7.251195420486213	0.7023889739663092
file00894.txt	1568	7.119674887112074	0.7048321263989461
file01235.txt	1186	7.034278269425517	0.7477748460861945
file00895.txt	1227	7.316289242547997	0.6397283531409186
file00659.txt	585	6.764939429476224	0.630335820895522
file00881.txt	839	6.972588858985785	0.651594936708862
file01221.txt	1290	6.955736952249467	0.7228686543110415
file01209.txt	955	6.996197569650344	0.7283002207505509
file00117.txt	455	6.610443890091146	0.6639408866995071
file00671.txt	1338	7.151470772173607	0.685197827773468
file00665.txt	626	6.281036927761291	0.7163951473136925
file00103.txt	763	6.713476841435475	0.6768347338935599
file00856.txt	681	6.667103343791591	0.5692088607594942
file00842.txt	956	6.809561799916548	0.6869900771775084
file00329.txt	1301	6.900733057213192	0.6627955271565483
file01037.txt	1063	7.035522626144796	0.6479289940828395
file01023.txt	572	6.55055928385793	0.6971701720841303
file00473.txt	739	6.543602359822484	0.6754202898550737
file00315.txt	743	6.72937271485919	0.6349279538904924
file00301.txt	1109	7.110700325247902	0.7109433962264144
file00467.txt	450	6.590510009111328	0.6908728179551121
file00498.txt	715	6.8711443961652305	0.6769069069069085
file01143.txt	982	6.704180920664419	0.6027438370846753
file01157.txt	943	7.07486984987764	0.6571588366890387
file00249.txt	937	6.882935006266667	0.702409909909909
file00507.txt	579	6.74290982662293	0.7027169811320764
file00261.txt	1006	6.932174393690183	0.6575548589341682
file00275.txt	1160	6.844222281315822	0.7170297029702969
file00513.txt	576	7.122457603961282	0.6039848197343458
file01180.txt	893	6.7707083368277505	0.5514928909952621
file01194.txt	812	6.549047863066158	0.6791874180865035
file00739.txt	1160	7.114593915983378	0.7404500450045004
file00063.txt	789	6.86269306224954	0.6171081081081099
file00705.txt	776	6.944677066614997	0.7083081155433293
file00711.txt	691	6.697370626807646	0.6321495327102818
file00077.txt	952	6.950248423940337	0.7468881506090816
file00922.txt	556	6.799677655688572	0.6647731755424074
file00936.txt	1200	7.165888190924838	0.6601042571676795
file00088.txt	751	6.690627227223489	0.700712250712251